theta=4.6250000000000000e+00
growth_rate=-3.0075327938752935e-04
frequency=3.9147291570421705e-01
