theta=3.7460937499999996e+00
growth_rate=-3.7726394630139366e-04
frequency=4.3496854125566287e-01
