dx =   5.0000000000000003e-02
reaction_length =   2.4684287583040959e+01
k =   4.4499612770440870e-04
d_cj =   2.0000000000000000e+00
d_znd =   2.0000000000000000e+00
