dx =   5.0000000000000003e-02
reaction_length =   2.4508701997002376e+01
k =   5.7322102351435112e-04
d_cj =   2.0000000000000000e+00
d_znd =   2.0000000000000000e+00
