dx =   5.0000000000000003e-02
reaction_length =   3.1779098013175325e+01
k =   6.5223651511856048e-08
d_cj =   2.0000000000000000e+00
d_znd =   2.0000000000000000e+00
