theta=9.3710937500000013e-01
growth_rate=+5.3905246271576733e-04
frequency=8.6997863549002974e-01
