theta=1.8734375000000001e+00
growth_rate=-2.2867148484470573e-04
frequency=6.1514838917741277e-01
