theta=2.3420410156250004e-01
growth_rate=-2.1560186287540741e-04
frequency=1.7399162699811090e+00
