theta=4.1650390625000000e-01
growth_rate=+8.8944170277965656e-04
frequency=1.3049704841210117e+00
