dx =   3.1250000000000002e-03
reaction_length =   2.4980498956023833e+01
k =   2.9183140302784075e-04
d_cj =   2.0000000000000000e+00
d_znd =   2.0000000000000000e+00
