dx =   5.0000000000000003e-02
reaction_length =   5.8208761790499821e+01
k =   1.0157644021176031e-18
d_cj =   2.0000000000000000e+00
d_znd =   2.0000000000000000e+00
